%latex.default(best.model3)%
\begin{table}[!tbp]
\begin{center}
\begin{tabular}{rrrrrrrrrrrlrrrrllrrrl}
\hline\hline
\multicolumn{1}{c}{coef}&\multicolumn{1}{c}{sigma2}&\multicolumn{1}{c}{var.coef ar1}&\multicolumn{1}{c}{var.coef ar2}&\multicolumn{1}{c}{var.coef ma1}&\multicolumn{1}{c}{var.coef ma2}&\multicolumn{1}{c}{var.coef ma3}&\multicolumn{1}{c}{var.coef ma4}&\multicolumn{1}{c}{var.coef ma5}&\multicolumn{1}{c}{var.coef ma6}&\multicolumn{1}{c}{var.coef intercept}&\multicolumn{1}{c}{mask}&\multicolumn{1}{c}{loglik}&\multicolumn{1}{c}{aic}&\multicolumn{1}{c}{arma}&\multicolumn{1}{c}{residuals}&\multicolumn{1}{c}{call}&\multicolumn{1}{c}{series}&\multicolumn{1}{c}{code}&\multicolumn{1}{c}{n.cond}&\multicolumn{1}{c}{nobs}&\multicolumn{1}{c}{model}\tabularnewline
\hline
$ 0.8978048317454433$&$0.101453062456284$&$ 0.07144181807570560$&$-0.06985018962736607$&$-0.05711697430500591$&$ 0.02927434507420989$&$-0.007640323977728891$&$ 9.35409442025641e-03$&$ 0.03198007999986147$&$-2.03033443080434e-02$&$-0.003779034134145007$&TRUE&$-20.6687118249231$&$61.3374236498462$&$2$&$-0.05604787598980916$&arima&x&$0$&$0$&$62$&c(0.897804831745443, 0.0616327724501029)\tabularnewline
$ 0.0616327724501029$&$0.101453062456284$&$-0.06985018962736603$&$ 0.07076606935290100$&$ 0.05571626589167662$&$-0.03037427929264007$&$ 0.006326810687051248$&$-1.05143341554350e-02$&$-0.03191806590844905$&$ 2.01918077888395e-02$&$ 0.006349576002821936$&TRUE&$-20.6687118249231$&$61.3374236498462$&$6$&$-0.26262502770528723$&x&x&$0$&$0$&$62$&c(-0.347155312044504, -0.103721487188715, -0.22575412059137, -0.63546248860213, 0.239937874074167, 0.439428830854761)\tabularnewline
$-0.3471553120445039$&$0.101453062456284$&$-0.05711697430500591$&$ 0.05571626589167664$&$ 0.05920389027261900$&$-0.02853657973739715$&$ 0.007586588783436839$&$-9.24707328010352e-03$&$-0.03375560712466043$&$ 2.00548012525801e-02$&$ 0.004148435071535566$&TRUE&$-20.6687118249231$&$61.3374236498462$&$0$&$-0.02621737947485453$&c(p3, 0, q3)&x&$0$&$0$&$62$&numeric(0)\tabularnewline
$-0.1037214871887154$&$0.101453062456284$&$ 0.02927434507420989$&$-0.03037427929264008$&$-0.02853657973739715$&$ 0.03205390602057406$&$-0.009199069919733724$&$ 6.02134998404025e-03$&$ 0.01303616584110704$&$-1.40904748319981e-02$&$-0.002072716577930412$&TRUE&$-20.6687118249231$&$61.3374236498462$&$0$&$-0.40266775378197345$&arima&x&$0$&$0$&$62$&c(1, 0, 0, 0, 0, 0, 0)\tabularnewline
$-0.2257541205913700$&$0.101453062456284$&$-0.00764032397772890$&$ 0.00632681068705125$&$ 0.00758658878343684$&$-0.00919906991973372$&$ 0.016413791091942697$&$-8.51759002374661e-03$&$ 0.00203161588665365$&$-2.70188666898163e-03$&$-0.000306142890063808$&TRUE&$-20.6687118249231$&$61.3374236498462$&$1$&$-0.17776597018637993$&x&x&$0$&$0$&$62$&c(0.806147713439859, -0.300316937710883, -0.115707910661086, 0.0834201384023232, -0.146860122366482, 0.132040453976846, 0.169045786802162)\tabularnewline
$-0.6354624886021304$&$0.101453062456284$&$ 0.00935409442025638$&$-0.01051433415543494$&$-0.00924707328010350$&$ 0.00602134998404023$&$-0.008517590023746609$&$ 1.89268893838604e-02$&$-0.00471872209484156$&$-3.79175605303684e-05$&$-0.001699655646520287$&TRUE&$-20.6687118249231$&$61.3374236498462$&$0$&$ 0.41316025992001321$&c(p3, 0, q3)&x&$0$&$0$&$62$&c(0, 0, 0, 0, 0, 0, 0, 0, 0.0303936217367363, -0.0114768778496921, -0.033180472486271, 0.00612027929661771, 0.0134639314857137, 0.000219516217514482, 0, -0.0114768778496921, 0.0343943936055242, 0.000702443632547314, -0.0349288886725785, 0.00148600243490541, 0.0131141180400074, 0, -0.033180472486271, 0.000702443632547314, 0.0408800458085993, 0.00615346381956475, -0.0172862297560722, -0.00543369068736885, 0, 0.00612027929661771, -0.0349288886725785, 0.00615346381956475, 0.0366264240300136, -0.00441865146867573, 
-0.0142761863884818, 0, 0.0134639314857137, 0.00148600243490541, -0.0172862297560722, -0.00441865146867573, 0.00740309724406992, 0.0029832472703082, 0, 0.000219516217514482, 0.0131141180400074, -0.00543369068736885, -0.0142761863884818, 0.0029832472703082, 0.00579626236122713)\tabularnewline
$ 0.2399378740741667$&$0.101453062456284$&$ 0.03198007999986149$&$-0.03191806590844908$&$-0.03375560712466045$&$ 0.01303616584110706$&$ 0.002031615886653640$&$-4.71872209484154e-03$&$ 0.03629268648724635$&$-1.86257135979978e-02$&$-0.003287419462745890$&TRUE&$-20.6687118249231$&$61.3374236498462$&$0$&$-0.15616339399270951$&arima&x&$0$&$0$&$62$&c(0.897804831745443, 0.0616327724501029, 0, 0, 0, 0, 0, 1, 0, 0, 0, 0, 0, 0, 0, 1, 0, 0, 0, 0, 0, 0, 0, 1, 0, 0, 0, 0, 0, 0, 0, 1, 0, 0, 0, 0, 0, 0, 0, 1, 0, 0, 0, 0, 0, 0, 0, 1, 0)\tabularnewline
$ 0.4394288308547610$&$0.101453062456284$&$-0.02030334430804346$&$ 0.02019180778883957$&$ 0.02005480125258015$&$-0.01409047483199808$&$-0.002701886668981622$&$-3.79175605303827e-05$&$-0.01862571359799776$&$ 2.10045240220042e-02$&$ 0.000457816581994885$&TRUE&$-20.6687118249231$&$61.3374236498462$&$2$&$-0.34887245223130764$&x&x&$0$&$0$&$62$&c(1, -0.347155312044504, -0.103721487188715, -0.22575412059137, -0.63546248860213, 0.239937874074167, 0.439428830854761, -0.347155312044504, 0.120516810680717, 0.0360074652507185, 0.0783717421792296, 0.22060417852325, -0.0832957075455122, -0.152550052896736, -0.103721487188715, 0.0360074652507185, 0.0107581469046389, 0.0234155531267175, 0.0659111143704551, -0.0248867131318713, -0.0455782118498543, -0.22575412059137, 0.0783717421792296, 0.0234155531267175, 0.0509649229639828, 0.143458275283177, -0.0541669637581764, 
-0.0992028692721104, -0.63546248860213, 0.22060417852325, 0.0659111143704551, 0.143458275283177, 0.403812574420413, -0.152471518569075, -0.279240538418491, 0.239937874074167, -0.0832957075455122, -0.0248867131318713, -0.0541669637581764, -0.152471518569075, 0.0575701834152307, 0.105435619482188, 0.439428830854761, -0.152550052896736, -0.0455782118498543, -0.0992028692721104, -0.279240538418491, 0.105435619482188, 0.193097697386382)\tabularnewline
$ 9.0938522865601410$&$0.101453062456284$&$-0.00377903413414501$&$ 0.00634957600282194$&$ 0.00414843507153557$&$-0.00207271657793041$&$-0.000306142890063811$&$-1.69965564652029e-03$&$-0.00328741946274589$&$ 4.57816581994886e-04$&$ 0.077417525737800100$&TRUE&$-20.6687118249231$&$61.3374236498462$&$6$&$ 0.39944080721434633$&c(p3, 0, q3)&x&$0$&$0$&$62$&0\tabularnewline
\hline
\end{tabular}\end{center}

\end{table}
